0.7464172941462229	0.203060480932718	0.050522224921059025
0.7164171179781247	0.2164702134437719	0.06711266857810343
0.9365276913503423	0.0074673304293715	0.056004978220286245
0.796641462985757	0.15429927905749957	0.04905925795674345
0.8134878819810326	0.12181243414120127	0.06469968387776608
0.8948926720947447	0.005921539600296077	0.09918578830495929
0.9664917238595074	0.004844570044408559	0.02866370609608397
0.7365298715801228	0.20240089335566722	0.061069235064209935
0.7326496541855474	0.2192702122585261	0.048080133555926545
0.7395586141433318	0.21618414807783579	0.04425723777883246
0.8472832224871376	0.08006023340444221	0.07265654410842012
0.9736147757255936	0.005277044854881266	0.021108179419525065
0.7791920892068167	0.13012833999579212	0.09067957079739113
0.7586146375709355	0.19066284443924414	0.050722517989820394
0.8726235741444867	0.028517110266159697	0.09885931558935361
0.7547411037715747	0.16229845869735066	0.08296043753107465
0.727689594356261	0.21164021164021163	0.060670194003527335
0.7759183094596511	0.13912920153169764	0.08495248900865125
0.7175783650891211	0.2381299938537185	0.044291641057160415
0.7912261776339446	0.13239841783531103	0.07637540453074433
0.9719839908519153	0.002858776443682104	0.025157232704402517
0.9896995708154507	0.002575107296137339	0.007725321888412017
0.9644444444444444	0.0038095238095238095	0.031746031746031744
0.8759581881533101	0.03414634146341464	0.08989547038327526
0.9898348157560356	0.0012706480304955528	0.008894536213468869
0.7763473852721452	0.16362059765208112	0.06003201707577375
0.9947368421052631	0.005263157894736842	0.0
0.9789473684210527	0.0	0.021052631578947368
0.8534638166366212	0.04352304918877157	0.10301313417460727
0.6233979625369701	0.25731186329280314	0.11929017417022675
0.35911602209944754	0.07734806629834254	0.56353591160221
0.9169538249483115	0.021364576154376293	0.0616815988973122
0.7363691133647957	0.2290892659905613	0.034541620644643035
0.9299768518518519	0.008680555555555556	0.061342592592592594
0.9284386617100372	0.01486988847583643	0.056691449814126396
0.7692763060529821	0.17023087168861922	0.0604928222583987
0.7661976309722554	0.18753478018920422	0.04626758883854042
0.0	0.0	0.0
0.7519708914493632	0.17904790782292299	0.06898120072771377
0.9579646017699115	0.011061946902654867	0.030973451327433628
0.8153846153846154	0.0	0.18461538461538463
0.8717889377458922	0.0372598935431613	0.09095116871094654
0.8561341571050309	0.032362459546925564	0.11150338334804354
0.7696001920998919	0.17649177572337615	0.0539080321767319
0.8583241455347299	0.04575523704520397	0.09592061742006615
0.9621109607577808	0.0013531799729364006	0.036535859269282815
0.9842180774748924	0.0014347202295552368	0.014347202295552367
0.8921073611480203	0.026574541589157587	0.08131809726282221
0.7878787878787878	0.015151515151515152	0.19696969696969696
0.9221168247628557	0.011482775836245632	0.06640039940089865
0.7097285261625418	0.23983043589963177	0.0504410379378265
0.7562267553251437	0.17457455201172095	0.06919869266313536
0.22950819672131148	0.16393442622950818	0.6065573770491803
0.99	0.0	0.01
0.811616354604509	0.10240733664501338	0.08597630875047764
0.9688796680497925	0.0036307053941908715	0.027489626556016597
0.7550514999718579	0.1698091968255755	0.07513930320256655
0.9738041002277904	0.003986332574031891	0.022209567198177675
0.6898914905768132	0.163906339234723	0.14620217018846374
0.8493894165535957	0.0203527815468114	0.13025780189959293
0.0	0.0	1.0
0.970771144278607	0.004975124378109453	0.024253731343283583
0.7474697430816052	0.1736145516313964	0.07891570528699837
0.3783783783783784	0.6081081081081081	0.013513513513513514
0.7460130938391808	0.16954843041799564	0.08443847574282357
0.9695181907571289	0.003933136676499509	0.02654867256637168
0.7659250915235145	0.18349760630808223	0.05057730216840327
0.7378296735215523	0.215289880329964	0.046880446148483794
0.7224403140522352	0.22768787053356834	0.04987181541419644
0.7507574118156243	0.1830231551612205	0.06621943302315517
0.0	0.0	0.0
0.0	0.0	0.0
0.7364222023123853	0.21088783651179657	0.05268996117581808
0.7422262042795404	0.19837672604616843	0.059397069674291134
0.7957148632259803	0.1346179760140143	0.06966716076000538
0.9102564102564102	0.015915119363395226	0.07382847038019452
0.8783690393918452	0.042156185210780926	0.07947477539737388
0.7968454258675078	0.10977917981072555	0.09337539432176656
0.9928057553956835	0.0	0.007194244604316547
0.9084544964997308	0.03284868066774367	0.05869682283252558
0.7199919710959454	0.1567643516659976	0.123243677238057
0.8994695630209649	0.03056327355392776	0.06996716342510735
0.9912536443148688	0.0029154518950437317	0.0058309037900874635
0.8459928597808691	0.07780376708112766	0.0762033731380032
0.7234604105571848	0.14486803519061583	0.13167155425219942
0.741081016585133	0.2046891779023983	0.05422980551246868
0.7967456734386757	0.11681715575620767	0.08643717080511663
0.7736427583719112	0.17639632056754645	0.0499609210605423
0.796168811733014	0.09937144567494761	0.10445974259203832
0.7772652102010619	0.15510488293149968	0.06762990686743842
0.8560079443892751	0.030784508440913606	0.11320754716981132
0.7520325203252033	0.1944965603502189	0.05347091932457786
0.0	0.0	1.0
0.9404844290657439	0.016262975778546712	0.04325259515570934
0.745700406984377	0.19226729683602467	0.06203229617959827
0.8702751062402148	0.040483113397450234	0.08924178036233504
0.8329987956643918	0.10397430750702528	0.0630268968285829
0.0	0.0	0.0
0.9353448275862069	0.0028735632183908046	0.0617816091954023
0.963076923076923	0.0038461538461538464	0.03307692307692308
0.8197769632691257	0.10769710676128831	0.0725259299695859
0.814388489208633	0.08776978417266187	0.09784172661870504
0.8442780748663101	0.05026737967914439	0.10545454545454545
0.7669691470054446	0.15831820931639443	0.07471264367816093
0.5267463813719321	0.31214600377595975	0.16110761485210826
0.8774834437086093	0.04470198675496689	0.07781456953642384
0.990632318501171	0.00117096018735363	0.00819672131147541
0.7720079129574678	0.17161226508407518	0.05637982195845697
0.7490187891440501	0.19006263048016703	0.060918580375782884
0.7317787133271938	0.20964346796474148	0.05857781870806473
1.0	0.0	0.0
0.889229720518064	0.023858214042263123	0.0869120654396728
0.9915254237288136	0.00211864406779661	0.006355932203389831
1.0	0.0	0.0
0.7879428873611846	0.15970386039132733	0.0523532522474881
0.7585976627712855	0.18204414765349658	0.059358189575217955
0.9237089201877934	0.002347417840375587	0.07394366197183098
0.771108179419525	0.1705616283452695	0.05833019223520543
0.8470124753775443	0.04267892317793828	0.1103086014445174
0.9368787276341949	0.016401590457256462	0.04671968190854871
0.9706088173547935	0.002099370188943317	0.02729181245626312
0.9931318681318682	0.0	0.006868131868131868
0.7247955211477058	0.21917508638411407	0.05602939246818003
0.8966183574879227	0.028985507246376812	0.07439613526570048
0.8915094339622641	0.03710691823899371	0.07138364779874214
0.776938740879009	0.13151196334634313	0.09154929577464789
0.0	0.0	0.0
0.8085106382978723	0.0070921985815602835	0.18439716312056736
0.8092230695900858	0.11618207816968541	0.07459485224022878
0.9680094786729858	0.001184834123222749	0.030805687203791468
0.5074626865671642	0.1044776119402985	0.3880597014925373
0.7515016818837098	0.19197501201345507	0.05652330610283517
0.7259450171821306	0.07731958762886598	0.19673539518900343
0.7843888664784188	0.14784187172246874	0.06776926179911255
0.834686926905947	0.06313859051611213	0.10217448257794079
0.9397590361445783	0.00677710843373494	0.053463855421686746
0.685	0.025	0.29
0.7492891787924402	0.16783743100852985	0.08287339019902994
0.8718954248366013	0.021568627450980392	0.1065359477124183
0.896551724137931	0.04075235109717868	0.06269592476489028
0.8875278396436526	0.03229398663697105	0.0801781737193764
0.9476744186046512	0.0069767441860465115	0.04534883720930233
1.0	0.0	0.0
0.7435717296613742	0.1997564516884455	0.05667181865018032
0.9514207149404217	0.0068744271310724105	0.04170485792850596
0.9069264069264069	0.008658008658008658	0.08441558441558442
0.9868667917448405	0.0028142589118198874	0.010318949343339587
0.0	0.0	0.0
0.7377264905354793	0.2095353780747039	0.052738131389816784
0.7300817645940293	0.2237592698231603	0.04615896558281042
1.0	0.0	0.0
0.7769917466734041	0.1698388636236034	0.05316938970299253
1.0	0.0	0.0
0.7573058725299193	0.1868911772891734	0.05580295018090732
0.7758286698235041	0.15669393026259149	0.06747739991390443
0.8134556574923547	0.021406727828746176	0.1651376146788991
0.9128799749294891	0.029771231588843622	0.05734879348166719
0.5	0.5	0.0
0.9166666666666666	0.05	0.03333333333333333
1.0	0.0	0.0
0.9120879120879121	0.015384615384615385	0.07252747252747253
0.8746952705997074	0.04485616772306192	0.08044856167723062
0.9705742762221168	0.0023730422401518746	0.027052681537731372
0.9068396226415094	0.018867924528301886	0.07429245283018868
0.7615010025780579	0.18665138928673733	0.05184760813520481
0.783355285623689	0.15815405629542906	0.058490658080881996
0.854942871336314	0.029309488325881768	0.11574764033780427
0.9914196567862714	0.0015600624024961	0.0070202808112324495
0.9913793103448276	0.0021551724137931034	0.00646551724137931
0.9602296022960229	0.005740057400574006	0.03403034030340303
0.0	0.0	0.0
0.9376558603491272	0.008728179551122194	0.05361596009975062
0.7652902825209562	0.16990065197143744	0.06480906550760633
0.977878985035784	0.001951854261548471	0.020169160702667534
0.9836544074722708	0.0011675423234092236	0.015178050204319907
0.8641276376737005	0.035512094698919194	0.10036026762738035
0.9853556485355649	0.0020920502092050207	0.012552301255230125
0.7636098724005475	0.192326372025255	0.04406375557419753
0.9263828093911659	0.013529645841623557	0.0600875447672105
0.9422696718070384	0.010280743376828785	0.04744958481613286
1.0	0.0	0.0
0.7744659711872827	0.06855439642324888	0.15697963238946847
0.7946368928332856	0.13216910010497185	0.07319400706174253
0.7699694456569184	0.15262621853630148	0.07740433580678015
0.5743243243243243	0.07432432432432433	0.35135135135135137
0.0	0.0	0.0
0.7262133260213874	0.2183986838497395	0.05538799012887305
0.9845626072041166	0.0	0.015437392795883362
0.9634464751958225	0.0	0.03655352480417755
0.4637223974763407	0.277602523659306	0.2586750788643533
0.8370702541106129	0.06397608370702541	0.09895366218236173
0.9849624060150376	0.0	0.015037593984962405
0.8040683482506102	0.103173311635476	0.09275834011391375
0.9656538969616909	0.002642007926023778	0.031704095112285335
0.9338129496402877	0.0035971223021582736	0.06258992805755395
0.7617554858934169	0.06896551724137931	0.16927899686520376
0.8678530859522908	0.03559257856872397	0.09655433547898523
0.9036755386565273	0.026869455006337136	0.06945500633713561
0.8697850821744627	0.014538558786346398	0.11567635903919089
0.8415688696726374	0.05605311920938851	0.10237801111797405
0.9690402476780186	0.0041279669762641896	0.026831785345717233
0.9588122605363985	0.006226053639846743	0.034961685823754786
0.7646880064829822	0.17068476499189628	0.06462722852512155
0.9779286926994907	0.001697792869269949	0.02037351443123939
1.0	0.0	0.0
0.8860759493670886	0.006904487917146145	0.10701956271576525
0.7875471239207102	0.15797154323239693	0.05448133284689286
0.8415147265077139	0.033660589060308554	0.12482468443197756
0.7716803524934909	0.18712864677214766	0.04119100073436144
0.6998296170086673	0.2511667530928217	0.049003629898511
0.868421052631579	0.016511867905056758	0.1150670794633643
0.9565217391304348	0.0	0.043478260869565216
0.984375	0.0	0.015625
0.9103908484270734	0.028598665395614873	0.061010486177311724
0.7322504946394883	0.22284084111719504	0.04490866424331662
0.8323242958673335	0.059489339299815744	0.10818636483285075
0.782186505943412	0.15285451197053407	0.06495898208605391
0.7660689389933176	0.17614537762607568	0.0577856833806067
0.799456208288704	0.13051001071104887	0.07003378100024718
0.8113593723349821	0.08152822786969129	0.10711239979532662
0.7581488314883149	0.15621156211562115	0.08563960639606397
0.7487639319534065	0.18168105254336714	0.06955501550322635
0.9192439862542955	0.005154639175257732	0.07560137457044673
0.43333333333333335	0.4666666666666667	0.1
0.748705694942254	0.1693880260188504	0.08190627903889552
0.7559163141648565	0.18497770664227736	0.05910597919286613
0.7545912653975364	0.20543113101903696	0.039977603583426655
0.9674523007856342	0.005611672278338945	0.026936026936026935
0.8	0.0	0.2
0.8536175927480275	0.0488500923283532	0.09753231492361927
0.8779697624190065	0.0435565154787617	0.07847372210223182
0.8481698072341347	0.062161576781459824	0.08966861598440545
0.85579589572934	0.057681641708264	0.08652246256239601
0.7399791775117126	0.13430504945340968	0.12571577303487766
0.8261738261738262	0.11113886113886114	0.06268731268731269
0.7764100966033032	0.10984730445621689	0.1137425989404799
0.8937981353871098	0.019456830158086746	0.0867450344548034
0.0	0.09090909090909091	0.9090909090909091
0.7032283598122915	0.2446994968055634	0.05207214338214508
0.967235494880546	0.0034129692832764505	0.029351535836177476
0.8370091447014524	0.04437869822485207	0.11861215707369553
0.0	0.0	0.0
0.8374301675977653	0.019553072625698324	0.1430167597765363
0.9393732970027248	0.013623978201634877	0.04700272479564033
0.933074684772066	0.002909796314258002	0.06401551891367604
0.9150823827629911	0.010139416983523447	0.07477820025348543
0.815314582994635	0.06795642984880507	0.11672898715655991
0.8600898692810458	0.04309640522875817	0.09681372549019608
0.7756646216768917	0.1492842535787321	0.07505112474437628
1.0	0.0	0.0
1.0	0.0	0.0
0.9241316270566727	0.018281535648994516	0.05758683729433273
0.6491935483870968	0.036290322580645164	0.31451612903225806
0.9927536231884058	0.0014492753623188406	0.005797101449275362
0.7695678369940296	0.1653612313085392	0.06507093169743113
0.877246653919694	0.022562141491395793	0.10019120458891013
0.8609467455621301	0.05276134122287968	0.08629191321499013
0.7627733443880195	0.1624002487304384	0.07482640688154213
0.9732888146911519	0.0027824151363383415	0.023928770172509738
0.9313725490196079	0.009191176470588236	0.05943627450980392
0.9755905511811024	0.0015748031496062992	0.02283464566929134
0.9836272040302267	0.0	0.0163727959697733
0.0	0.0	1.0
0.7671598620536211	0.15307598175547893	0.07976415619089999
0.8153889252031002	0.1093472779904753	0.0752637968064245
0.7694583522985889	0.16674252768927325	0.06379912001213776
0.9155376189103488	0.020755260882098586	0.0637071202075526
0.7527858190902962	0.1886425823848991	0.058571598524804695
0.7789411764705882	0.1575294117647059	0.06352941176470588
0.8063875088715401	0.1063165365507452	0.08729595457771469
0.9770642201834863	0.0028669724770642203	0.020068807339449542
0.7599152728069535	0.15060988970856767	0.08947483748447886
0.7755311355311355	0.12644688644688645	0.09802197802197803
0.8748882931188561	0.021447721179624665	0.10366398570151922
0.7486418721270371	0.12348516506477225	0.12787296280819055
0.8072739632902787	0.10999320190346704	0.08273283480625425
0.5132743362831859	0.3230088495575221	0.16371681415929204
0.815727002967359	0.09673590504451039	0.08753709198813056
0.8837209302325582	0.023255813953488372	0.09302325581395349
0.0	0.0	0.0
0.9798449612403101	0.0	0.020155038759689922
0.7879135276776941	0.16000655093350802	0.052079921388797905
0.7863327872688978	0.13105546454481629	0.08261174818628599
1.0	0.0	0.0
0.9541984732824428	0.0	0.04580152671755725
0.2963917525773196	0.29381443298969073	0.4097938144329897
0.7892044452284354	0.11659904745104957	0.09419650732051509
0.8021939136588818	0.11376503892427459	0.0840410474168436
0.739194292908099	0.2083508182962652	0.05245488879563575
0.7256736662677257	0.22768650491422768	0.04663982881804664
0.7406526172671652	0.1142080217539089	0.1451393609789259
0.7685145700071073	0.1767590618336887	0.05472636815920398
0.8240740740740741	0.027777777777777776	0.14814814814814814
0.0	0.0	0.0
0.7367084414508916	0.19946999392701376	0.06382156462209462
0.9564750134336378	0.0026867275658248252	0.04083825900053734
0.9559270516717325	0.00911854103343465	0.034954407294832825
0.9314354450681636	0.0136327185244587	0.054931836407377706
0.006928406466512702	0.0023094688221709007	0.9907621247113164
0.7435404068169323	0.19039765438885833	0.06606193879420927
0.7196447988401595	0.16980790141355565	0.11054729974628488
0.21052631578947367	0.7894736842105263	0.0
0.7796685082872928	0.15558011049723758	0.06475138121546961
0.7582451559708672	0.18713068572213826	0.054624158306994644
0.9673416067929458	0.0032658393207054214	0.02939255388634879
0.9276879162702188	0.01379638439581351	0.05851569933396765
0.9870875179340028	0.0	0.01291248206599713
0.988394584139265	0.0	0.01160541586073501
0.9788806758183738	0.0031678986272439284	0.01795142555438226
0.7188481108585039	0.22204178845945655	0.059110100682039625
0.834070796460177	0.09616519174041298	0.06976401179941003
0.8460076045627376	0.04182509505703422	0.11216730038022814
0.6605783866057838	0.20015220700152206	0.13926940639269406
0.875	0.125	0.0
0.9204875217643644	0.0075449796865931515	0.07196749854904237
0.7515927838508484	0.1761786600496278	0.07222855609952385
0.7477210574293528	0.1267092069279854	0.1255697356426618
0.7569487983281087	0.1895506792058516	0.05350052246603971
0.7234573947110676	0.23295788442703233	0.0435847208619001
0.789386877016852	0.1480817497310864	0.06253137325206166
0.9948186528497409	0.0	0.0051813471502590676
0.0	0.0	0.0
0.024498886414253896	0.008908685968819599	0.9665924276169265
1.0	0.0	0.0
0.9906542056074766	0.0011682242990654205	0.008177570093457943
1.0	0.0	0.0
0.9700934579439252	0.0032710280373831778	0.02663551401869159
0.9145658263305322	0.014005602240896359	0.07142857142857142
1.0	0.0	0.0
0.9673507462686567	0.0037313432835820895	0.028917910447761194
0.9693165969316597	0.001394700139470014	0.029288702928870293
0.8413143658585454	0.08375075135243439	0.07493488278902023
0.8107394366197183	0.12323943661971831	0.06602112676056338
0.0	0.0	0.0
0.8356066044508256	0.054079923426657094	0.11031347212251735
0.77436132782622	0.11901483861098364	0.1066238335627964
0.861100640784018	0.047304937806257066	0.09159442140972485
0.42479338842975206	0.4570247933884298	0.11818181818181818
0.7779080530700401	0.17593335390311632	0.04615859302684357
0.908256880733945	0.02706422018348624	0.06467889908256881
0.9449728260869565	0.008152173913043478	0.046875
0.0	0.0	1.0
1.0	0.0	0.0
0.8386167146974063	0.037463976945244955	0.1239193083573487
0.9851485148514851	0.0	0.01485148514851485
0.7923067316098414	0.11327588360184838	0.09441738478831023
0.8982630272952854	0.03168543615193739	0.07005153655277725
0.8	0.1	0.1
0.8054444336032783	0.11513318372524149	0.07942238267148015
0.8674298375184638	0.023633677991137372	0.10893648449039882
0.24	0.24	0.52
0.7974561572557333	0.14074645082546414	0.0617973919188026
0.7375557941126617	0.19910729419741227	0.06333691168992599
0.8027328923110292	0.11755774861728663	0.0797093590716842
0.2079207920792079	0.31683168316831684	0.4752475247524752
0.8458083832335329	0.0593812375249501	0.09481037924151696
0.7065868263473054	0.023952095808383235	0.2694610778443114
0.7335708630245448	0.19827131169173925	0.06815782528371601
0.7516530018513621	0.14678656440095214	0.1015604337476858
0.938158819395643	0.004216444132115249	0.05762473647224174
0.8900862068965517	0.017241379310344827	0.09267241379310345
0.9781659388646288	0.0	0.021834061135371178
0.8792878853669127	0.03994789405123752	0.08076422058184976
0.8749305169538633	0.029460811561978877	0.09560867148415786
0.992619926199262	0.0036900369003690036	0.0036900369003690036
0.8969270166453265	0.031049935979513443	0.07202304737516005
0.759794918885828	0.17990511172329354	0.060299969390878484
0.972936400541272	0.005412719891745603	0.02165087956698241
0.7327790973871734	0.2186969799796403	0.04852392263318629
0.754601226993865	0.07975460122699386	0.1656441717791411
0.7563521412382203	0.17356554932601695	0.07008230943576285
0.7954070981210856	0.06680584551148225	0.13778705636743216
0.7817739975698663	0.10959902794653706	0.1086269744835966
0.8490566037735849	0.04878048780487805	0.10216290842153705
0.7425393962815063	0.21151616643050367	0.04594443728799004
0.29850746268656714	0.19402985074626866	0.5074626865671642
0.755779109589041	0.1818814212328767	0.06233946917808219
0.783203125	0.14266304347826086	0.07413383152173914
0.9171058936272161	0.01964542405366555	0.06324868231911836
0.8095238095238095	0.07142857142857142	0.11904761904761904
0.8409461663947798	0.036976617727025554	0.12207721587819467
0.8781825303564434	0.036427732079905996	0.0853897375636506
0.9681093394077449	0.0037965072133637054	0.02809415337889142
0.9613095238095238	0.01488095238095238	0.023809523809523808
0.7948717948717948	0.07744636316064887	0.12768184196755625
0.5333333333333333	0.1380952380952381	0.32857142857142857
0.9175068744271311	0.025970058050717997	0.05652306752215093
0.046875	0.0703125	0.8828125
0.7839697615817018	0.14595851909284746	0.07007171932545067
0.7438397680853868	0.1894188957701937	0.06674133614441956
0.0	0.0	0.0
0.7622484385843165	0.14004163775156142	0.09770992366412214
0.7468225930888862	0.19368985260080399	0.059487554310309824
0.7596666940316887	0.17904933913471802	0.0612839668335933
0.9852686308492201	0.0008665511265164644	0.01386481802426343
0.8720480893087161	0.045942464577071705	0.08200944611421211
0.9914772727272727	0.002840909090909091	0.005681818181818182
0.8448905109489051	0.010948905109489052	0.14416058394160583
0.9763572679509632	0.0043782837127845885	0.01926444833625219
0.9282422646477946	0.007241606319947334	0.06451612903225806
0.9375	0.020833333333333332	0.041666666666666664
0.8826135105204873	0.053156146179401995	0.06423034330011074
0.7948321213058951	0.16695033266285006	0.03821754603125484
0.7761385503527902	0.0750481077613855	0.14881334188582424
0.9372219476025705	0.008403361344537815	0.05437469105289174
0.7895914941242306	0.1285474458389959	0.08186106003677353
0.7785956964892412	0.15433496917075626	0.06706933434000252
0.7837809483843894	0.1285144775493076	0.08770457406630298
0.9319540229885057	0.022988505747126436	0.045057471264367814
0.9904988123515439	0.0	0.009501187648456057
0.7381074694338847	0.22038425973492243	0.04150827083119285
0.9355828220858896	0.009202453987730062	0.05521472392638037
0.7712022367194781	0.0521901211556384	0.1766076421248835
0.7360422405876952	0.223921028466483	0.04003673094582186
0.8135186960690316	0.087607861936721	0.09887344199424736
0.8243243243243243	0.048564189189189186	0.12711148648648649
0.7536670333700036	0.19586541987532086	0.05046754675467547
0.7309861301630849	0.1957018747142204	0.0733119951226947
0.7990904226859283	0.1508828250401284	0.050026752273943285
0.9326072157930565	0.008849557522123894	0.05854322668481961
0.0	0.0	0.0
0.9710391822827938	0.0017035775127768314	0.027257240204429302
0.8608017817371938	0.026726057906458798	0.11247216035634744
0.7232237539766702	0.23639448568398727	0.04038176033934252
0.7752323120802281	0.14812770264053732	0.07663998527923452
0.9289891395154553	0.015037593984962405	0.055973266499582286
0.7816563029960429	0.11122102882984737	0.10712266817410966
0.7659242212542122	0.15722856908029917	0.07684720966548862
0.7637865462324697	0.16632992631328739	0.06988352745424292
0.7626496291400455	0.17852684144818975	0.058823529411764705
0.7478068934291697	0.18331541117210934	0.06887769539872092
0.8423574508864399	0.053425970292285574	0.10421657882127455
0.7810843864655523	0.16048376138062237	0.05843185215382525
0.9016587677725119	0.0169826224328594	0.08135860979462875
0.9253380364491476	0.00940623162845385	0.06525573192239859
0.9972527472527473	0.0	0.0027472527472527475
0.7936949983290632	0.12253536816308344	0.08376963350785341
0.7675949367088608	0.16759493670886075	0.06481012658227848
0.7741063382397116	0.11414839291078402	0.11174526884950435
0.7143976877480037	0.22172145201587223	0.06388086023612403
0.7235697337200105	0.22888654539063186	0.047543720889357585
0.7548296452406041	0.1506849315068493	0.09448542325254654
0.805952380952381	0.02619047619047619	0.16785714285714284
0.7624352738113918	0.16732046655159788	0.07024425963701031
0.9057728119180634	0.020856610800744878	0.07337057728119181
0.7425567107750473	0.19612476370510398	0.061318525519848774
0.7623527175978715	0.16334093500570127	0.07430634739642722
0.9714285714285714	0.004395604395604396	0.024175824175824177
0.8933092224231465	0.034358047016274866	0.07233273056057866
0.8817166782972784	0.0314026517794836	0.08688066992323797
0.8068945369558866	0.07215892491966111	0.12094653812445223
0.0	0.02127659574468085	0.9787234042553191
0.7992290933467404	0.1290430702195408	0.07172783643371879
0.7789855072463768	0.05314009661835749	0.1678743961352657
0.7816362566215421	0.06768687463213655	0.15067686874632136
0.0	0.0	1.0
0.9079984979346601	0.01952684941794968	0.07247465264739016
0.788768928771733	0.1504486819966349	0.06078238923163208
0.8037307380373074	0.10879388251651026	0.08747537944618236
0.8062649640861931	0.12011173184357542	0.07362330407023145
0.873015873015873	0.031746031746031744	0.09523809523809523
0.7545935061666247	0.19833878681097408	0.047067707022401206
0.9631087063453025	0.004918839153959666	0.031972454500737824
0.7946399741685503	0.09299321924443009	0.1123668065870197
0.7454152318411148	0.20449267237927443	0.050092095779610796
0.8184773096637079	0.09551193899237405	0.08601075134391799
0.8214611872146119	0.09680365296803653	0.0817351598173516
0.8168949771689498	0.06095890410958904	0.12214611872146118
0.8517796196977084	0.09995124329595319	0.04826913700633837
0.7331587370871526	0.22105824724768416	0.0457830156651632
0.7793696275071633	0.03724928366762178	0.1833810888252149
0.702140561518404	0.25383542538354253	0.04402401309805348
0.7941432804601708	0.1483353669165069	0.057521352623322294
0.34146341463414637	0.18699186991869918	0.4715447154471545
0.8377664259291879	0.0954729610709882	0.06676061299982385
0.8013812154696133	0.12790055248618784	0.0707182320441989
0.7555789675318456	0.17632410688631356	0.06809692558184081
0.8181517788302677	0.10496750743473951	0.07688071373499283
0.8136252500555679	0.10202267170482329	0.0843520782396088
0.74235398322305	0.21403636742562393	0.043609649351326
0.7078779455429907	0.23526438814833533	0.056857666308673956
0.7642358604091456	0.16322503008423586	0.07253910950661853
0.8675986842105263	0.039884868421052634	0.09251644736842106
0.7381854940611574	0.19631033611321708	0.06550416982562547
0.8574352975581225	0.06316712969732417	0.0793975727445533
0.8208802456499488	0.09595701125895599	0.08316274309109518
0.9595278246205734	0.006745362563237774	0.03372681281618887
0.8388646288209607	0.07914847161572053	0.08198689956331878
0.7443564590473939	0.18857109088760193	0.06707245006500413
0.9188422247446084	0.024971623155505107	0.05618615209988649
0.07692307692307693	0.0	0.9230769230769231
0.9978165938864629	0.0	0.002183406113537118
0.904397705544933	0.010197578075207138	0.08540471637985979
0.974937343358396	0.0	0.02506265664160401
0.7804945434452273	0.14325183036330985	0.0762536261914629
0.8342417441487656	0.09233728759217698	0.07342096825905739
0.8091152815013405	0.08865058087578195	0.10223413762287757
0.7917133258678611	0.09126539753639418	0.11702127659574468
0.8591065292096219	0.020618556701030927	0.12027491408934708
0.7250144425187752	0.21490467937608318	0.06008087810514154
0.8278352997832892	0.05128822537924392	0.12087647483746689
0.856629392971246	0.05750798722044728	0.08586261980830671
0.7935437675278955	0.1412375440062056	0.06521868846589891
0.5555555555555556	0.2222222222222222	0.2222222222222222
0.9907834101382489	0.0	0.009216589861751152
0.8769035532994924	0.015228426395939087	0.10786802030456853
0.7454490812296067	0.21058732612055642	0.043963592649836854
0.9343971631205674	0.010638297872340425	0.0549645390070922
0.7129629629629629	0.10493827160493827	0.18209876543209877
0.927536231884058	0.00912506709608159	0.06333870101986044
0.8470873786407767	0.05825242718446602	0.09466019417475728
0.4816753926701571	0.2356020942408377	0.28272251308900526
0.23333333333333334	0.7666666666666667	0.0
0.7413140128437345	0.20739338053680223	0.0512926066194632
0.7824919441460795	0.09183673469387756	0.12567132116004295
0.852322206095791	0.08309143686502177	0.06458635703918723
0.0	0.0	0.0
0.7703713598717606	0.15295217739780925	0.07667646273043013
0.0	0.5	0.5
0.4225352112676056	0.056338028169014086	0.5211267605633803
0.7837911899705419	0.1546893197232308	0.061519490306227304
0.8717732411000506	0.04774759574827062	0.08047916315167876
0.9394347240915208	0.013458950201884253	0.047106325706594884
0.0	0.0	0.0
0.7277363672028246	0.21111920641147788	0.061144426385697476
0.3235294117647059	0.20588235294117646	0.47058823529411764
0.9546209186496957	0.006640841173215274	0.0387382401770891
0.319672131147541	0.3524590163934426	0.32786885245901637
0.826844508531603	0.08447488584474885	0.08868060562364816
0.7093344673612588	0.17435679353604083	0.1163087391027004
0.7302031082970151	0.21301702162651098	0.056779870076473976
0.6368876080691642	0.10086455331412104	0.2622478386167147
0.9741060419235512	0.0012330456226880395	0.02466091245376079
0.7375194334081879	0.22266367248229402	0.03981689410951805
0.8283989652198908	0.05691290600747341	0.11468812877263582
0.8694183864915572	0.03864915572232645	0.09193245778611632
0.7979986036769839	0.0770304863858506	0.12497090993716546
0.782993459022701	0.09349749903809157	0.12350904193920739
0.8718130311614731	0.015580736543909348	0.11260623229461757
0.9578059071729957	0.004219409282700422	0.0379746835443038
0.7213726974514257	0.22599041130456723	0.05263689124400706
0.7829344584272933	0.13253800829271842	0.08452753327998837
0.7339499036608863	0.20816955684007707	0.05788053949903661
1.0	0.0	0.0
0.8574193548387097	0.05	0.09258064516129032
0.713551016447528	0.24535442239580807	0.04109456115666392
0.8248784933171325	0.08292831105710814	0.09219319562575942
0.7106805074971165	0.24299884659746251	0.04632064590542099
0.8604031951312286	0.05096995055154051	0.08862685431723089
0.7446793082194264	0.21123237010985824	0.044088321670715344
0.7539530731956133	0.2041571027799031	0.04188982402448355
1.0	0.0	0.0
0.845114813147231	0.08014407924358397	0.07474110760918505
0.4792746113989637	0.4339378238341969	0.08678756476683938
0.851063829787234	0.0574468085106383	0.09148936170212765
0.743801652892562	0.21322314049586777	0.04297520661157025
0.7662522202486679	0.15126110124333925	0.08248667850799289
0.7838621356095989	0.1631502657432759	0.05298759864712514
0.7290884950643653	0.2061421231888241	0.0647693817468106
0.7745538424183562	0.12516692970741775	0.10027922787422605
0.7179720566149365	0.2320575251444955	0.04997041824056797
0.7846039970392302	0.17135455218356774	0.04404145077720207
0.8792302587923025	0.03185136031851361	0.08891838088918382
0.7555188094253824	0.19313766019016124	0.05134353038445639
0.7384615384615385	0.1799905615856536	0.08154789995280792
0.8943623426382047	0.0180623973727422	0.08757525998905309
0.7349565540634729	0.2229914966776637	0.042051949258863436
0.7490646513020054	0.19069889254714156	0.06023645615085304
0.9288299155609168	0.021712907117008445	0.04945717732207479
0.7837968061674009	0.14826541850220265	0.06793777533039648
0.7373517489866387	0.20927788620327278	0.053370364810088576
0.7395935853644416	0.2154229143750362	0.044983500260522204
0.7359940505701537	0.18282102131879027	0.08118492811105603
0.7652443384982122	0.16619785458879618	0.06855780691299165
0.9330943847072879	0.007168458781362007	0.05973715651135006
0.32575757575757575	0.6439393939393939	0.030303030303030304
0.8078184800437398	0.14338436303991253	0.04879715691634773
0.8579325594250967	0.08512990602542841	0.056937534549474846
0.9768421052631578	0.0	0.023157894736842106
0.7791013790717216	0.16356087192921753	0.05733774899906085
0.9281767955801105	0.0055248618784530384	0.06629834254143646
0.7402043536206131	0.20382052421146157	0.05597512216792536
0.7791942886282509	0.14652388237293898	0.07428182899881013
0.9768115942028985	0.000966183574879227	0.022222222222222223
0.8055954088952654	0.12338593974175036	0.07101865136298421
0.7459297983569828	0.1970873786407767	0.05698282300224048
0.9732461355529132	0.0011890606420927466	0.025564803804994055
0.448559670781893	0.32510288065843623	0.22633744855967078
0.7440473521366755	0.19573113313304336	0.06022151473028115
0.8057826756724731	0.14930678990401705	0.044910534423509896
0.8164662349676226	0.072895467160037	0.11063829787234042
0.7376579122340425	0.20686502659574468	0.05547706117021277
0.9518689196108551	0.011264720942140297	0.03686635944700461
0.8200094607379376	0.05416272469252602	0.12582781456953643
0.6508172362555721	0.28083209509658247	0.06835066864784546
0.7575076850319225	0.18018444076613857	0.06230787420193899
0.7560097094980816	0.17203038133270693	0.0719599091692115
0.7833311526887348	0.13711893235640454	0.07954991495486066
0.7339396144052382	0.21149508912331758	0.05456529647144416
0.8004346714395295	0.13551521350038354	0.06405011506008694
0.7459842941281456	0.19418168838122435	0.05983401749063002
0.8289597631543534	0.0756291212488225	0.09541111559682411
0.0	0.0	0.0
0.768448344635022	0.17949740725967292	0.052054248105305144
0.915400410677618	0.018069815195071868	0.06652977412731007
0.8360450563204005	0.02252816020025031	0.1414267834793492
0.7139364303178484	0.1430317848410758	0.1430317848410758
0.8379541108986616	0.04278202676864245	0.11926386233269598
0.4594594594594595	0.3783783783783784	0.16216216216216217
0.9605405405405405	0.004864864864864865	0.034594594594594595
0.748068669527897	0.19068056407112202	0.061250766400981
0.9211584875301689	0.016090104585679808	0.06275140788415125
0.9550118389897395	0.007103393843725336	0.037884767166535126
0.8186835932109838	0.11259831654477714	0.068718090244239
0.9380530973451328	0.017699115044247787	0.04424778761061947
0.9565627950897073	0.0018885741265344666	0.04154863078375826
0.8570341047503045	0.06455542021924482	0.07841047503045066
0.7687876878768788	0.16407164071640717	0.06714067140671406
0.803584229390681	0.12258064516129032	0.07383512544802867
0.9828629032258065	0.0010080645161290322	0.016129032258064516
0.3404255319148936	0.6595744680851063	0.0
0.9304652326163082	0.017508754377188594	0.05202601300650325
0.9957264957264957	0.0	0.004273504273504274
0.760403857355511	0.18180053070998642	0.05779561193450262
0.7737795095118039	0.17212926885170754	0.054091221636488655
0.7761257075272451	0.17031342400946187	0.05356086846329306
0.9555731852439509	0.004760015866719556	0.039666798889329634
0.7324820172957246	0.22520811444273822	0.042309868261537216
0.20212765957446807	0.19148936170212766	0.6063829787234043
0.9094144289873827	0.014234875444839857	0.07635069556777742
0.7692363636363636	0.15890909090909092	0.07185454545454545
0.0	0.0	0.0
0.6166796744341622	0.339614226781135	0.043706098784702864
0.8695652173913043	0.05615942028985507	0.07427536231884058
0.7530294108531936	0.19744630737285773	0.04952428177394862
0.7271669575334497	0.16404886561954624	0.10878417684700407
0.3783783783783784	0.6216216216216216	0.0
0.7812566673778536	0.15580328568380628	0.06294004693834009
0.7211445198836082	0.24108874878758488	0.037766731328806986
0.0	0.08333333333333333	0.9166666666666666
0.7292800967937084	0.2260392360210872	0.04468066718520439
0.794762159273116	0.06413682522715125	0.14110101549973275
0.8854427213606804	0.01900950475237619	0.09554777388694347
0.9722222222222222	0.0	0.027777777777777776
0.7822091527292777	0.13692335967653005	0.08086748759419224
0.5483870967741935	0.3225806451612903	0.12903225806451613
0.7438599706744868	0.2058284457478006	0.05031158357771261
0.0	0.0	0.0
0.9868421052631579	0.001644736842105263	0.011513157894736841
0.7458207870418441	0.18772713113903022	0.06645208181912574
0.8997867803837953	0.017057569296375266	0.08315565031982942
0.7076511172896716	0.2471424158171146	0.04520646689321388
0.8487961476725522	0.033386837881219905	0.11781701444622793
0.47029702970297027	0.19801980198019803	0.3316831683168317
0.748234106962664	0.19525731584258324	0.056508577194752774
0.7385696821515892	0.21320293398533008	0.04822738386308068
0.7716262975778547	0.10553633217993079	0.12283737024221453
0.9492656875834445	0.00801068090787717	0.042723631508678236
0.7606575647812761	0.18690443020339928	0.052438005015324606
0.760978720012752	0.20052602215669085	0.03849525783055711
0.761303090272492	0.18785203227279648	0.05084487745471152
0.7643779342723005	0.18035993740219092	0.05526212832550861
0.9767054908485857	0.0016638935108153079	0.021630615640599003
0.9044158747903857	0.017887087758524316	0.07769703745109
0.941016333938294	0.007259528130671506	0.05172413793103448
0.8537037037037037	0.025925925925925925	0.12037037037037036
0.9736842105263158	0.0	0.02631578947368421
0.757816145590294	0.18105459636024265	0.06112925804946337
0.7473998804542737	0.20663478780633593	0.04596533173939032
0.7596127247579529	0.17538035961272475	0.06500691562932227
0.890032154340836	0.01929260450160772	0.09067524115755626
0.7598204264870931	0.12626262626262627	0.11391694725028058
0.8341002664083313	0.056430128360377814	0.10946960523129087
0.3368421052631579	0.21052631578947367	0.45263157894736844
0.820885079587196	0.1128214098303306	0.06629351058247332
0.954468802698145	0.00955593029792018	0.035975267003934795
0.7037313432835821	0.2544776119402985	0.041791044776119404
0.9756906077348066	0.0011049723756906078	0.023204419889502764
0.6831325301204819	0.17590361445783131	0.14096385542168674
0.7239055957365816	0.21773886562618958	0.058355538637228775
0.6779621406870764	0.20588922645477917	0.11614863285814443
0.9326556543837357	0.02456586192291402	0.04277848369335027
0.722490236618424	0.1720652423615897	0.10544452101998622
0.8842350203606748	0.015706806282722512	0.10005817335660268
0.8143712574850299	0.11734425885071961	0.06828448366425045
0.6982184808144087	0.2754502740798747	0.026331245105716522
0.7973661852166525	0.1032285471537808	0.0994052676295667
0.740356728538283	0.21236948955916474	0.04727378190255221
0.8253910512913787	0.07930156420516551	0.0953073845034558
0.7358456787360694	0.1950946605200734	0.06905966074385714
0.7812110640418639	0.1344380762521804	0.08435085970595564
0.6521106259097526	0.12809315866084425	0.2197962154294032
0.9477351916376306	0.004645760743321719	0.047619047619047616
0.7958699264182293	0.1150407468945328	0.08908932668723792
0.9403846153846154	0.003205128205128205	0.05641025641025641
0.8020720193834071	0.11738658200350907	0.0805413986130838
0.7147037307973665	0.12289685442574981	0.1623994147768837
0.8164244584590074	0.1362763915547025	0.047299149986290104
0.71875	0.03125	0.25
0.7483917883313755	0.1977401129943503	0.05386809867427421
0.0	0.7222222222222222	0.2777777777777778
0.8609776773099745	0.03560327776207969	0.10341904492794575
0.8411592076302274	0.05685986793837124	0.10198092443140132
0.8202676864244742	0.04397705544933078	0.13575525812619502
0.9891304347826086	0.0	0.010869565217391304
0.9789473684210527	0.0019138755980861245	0.019138755980861243
0.7237799333131252	0.22446195816914216	0.051758108517732646
0.5897435897435898	0.1794871794871795	0.23076923076923078
0.7979872181003452	0.12664364945272902	0.07536913244692574
0.7481551903662457	0.1866992620761465	0.06514554755760786
0.8196948682385575	0.06900138696255201	0.11130374479889044
0.8815825375170532	0.0373806275579809	0.0810368349249659
0.3870967741935484	0.6129032258064516	0.0
0.9297839506172839	0.014660493827160493	0.05555555555555555
0.7813453066757031	0.1479159606912911	0.07073873263300576
0.7273670234835283	0.2229275578790142	0.04970541863745747
0.9323943661971831	0.03943661971830986	0.028169014084507043
0.7462460393993663	0.20090003214400515	0.052853928456628556
0.7644033782088804	0.17827577556651894	0.05732084622460072
0.7670888840358157	0.14195239135182355	0.09095872461236078
0.4646074646074646	0.38481338481338484	0.15057915057915058
0.7135582431572247	0.11966900063653724	0.16677275620623808
0.7874199776445483	0.1583172441825018	0.0542627781729499
0.7321205230244457	0.22853894258101193	0.039340534394542354
0.0	0.0	0.0
0.7397834780064372	0.19792581033193538	0.062290711661627494
0.8085359632715524	0.08757014113246046	0.10389389559598708
0.8607566089334548	0.04307201458523245	0.09617137648131267
0.7183686975224387	0.22930884725152004	0.05232245522604128
0.7591751797200151	0.19050321604237608	0.05032160423760878
